ISS (ZARYA)             
1 25544U 98067A   24213.90256772  .00036721  00000+0  66014-3 0  9998
2 25544  51.6377  93.7862 0005973 147.7965 320.0621 15.49475947465485
CSS (TIANHE)            
1 48274U 21035A   24213.84577643  .00020487  00000+0  25668-3 0  9992
2 48274  41.4673 170.6823 0001182 316.0665  44.0079 15.59276255186082
ISS (NAUKA)             
1 49044U 21066A   24213.90256772  .00036721  00000+0  66014-3 0  9994
2 49044  51.6377  93.7862 0005973 147.7965 320.0621 15.49475947171312
FREGAT DEB              
1 49271U 11037PF  24213.41755657  .00018322  00000+0  36044-1 0  9990
2 49271  51.6673 220.5458 0990667 222.6236 129.3488 12.19808090140591
CSS (WENTIAN)           
1 53239U 22085A   24213.84577643  .00020487  00000+0  25668-3 0  9995
2 53239  41.4673 170.6823 0001182 316.0665  44.0079 15.59276255183378
CSS (MENGTIAN)          
1 54216U 22143A   24213.84577643  .00020487  00000+0  25668-3 0  9996
2 54216  41.4673 170.6823 0001182 316.0665  44.0079 15.59276255 98054
TIANZHOU-7              
1 58811U 24013A   24213.84577643  .00020487  00000+0  25668-3 0  9999
2 58811  41.4673 170.6823 0001182 316.0665  44.0079 15.59276255183379
PROGRESS-MS 26          
1 58961U 24029A   24213.90256772  .00036721  00000+0  66014-3 0  9994
2 58961  51.6377  93.7862 0005973 147.7965 320.0621 15.49475947 25767
CREW DRAGON 8           
1 59097U 24042A   24213.90256772  .00036721  00000+0  66014-3 0  9990
2 59097  51.6377  93.7862 0005973 147.7965 320.0621 15.49475947 22978
SOYUZ-MS 25             
1 59294U 24055A   24213.90256772  .00036721  00000+0  66014-3 0  9993
2 59294  51.6377  93.7862 0005973 147.7965 320.0621 15.49475947 19962
MICROORBITER-1          
1 59483U 98067WF  24213.87366648  .00388113  00000+0  16303-2 0  9997
2 59483  51.6273  82.5049 0007047 186.4076 173.6838 15.83899562 17519
CURTIS                  
1 59507U 98067WG  24213.92313020  .00178253  00000+0  12785-2 0  9998
2 59507  51.6288  85.1113 0005928 164.0169 196.1017 15.72570652 17494
KASHIWA                 
1 59508U 98067WH  24213.91266983  .00684750  20403-3  18596-2 0  9996
2 59508  51.6214  80.4724 0008567 210.1032 149.9484 15.93552088 17551
1998-067WJ              
1 59559U 98067WJ  24213.88491282  .00171864  00000+0  13355-2 0  9992
2 59559  51.6324  86.3849 0004253 138.5353 221.5968 15.70699897 16344
1998-067WK              
1 59560U 98067WK  24213.81050360  .04141004  11879-4  17566-2 0  9991
2 59560  51.6156  78.9942 0011957 251.3800 108.5920 16.21924748 16367
1998-067WL              
1 59561U 98067WL  24213.86793950  .00054074  00000+0  65725-3 0  9992
2 59561  51.6340  90.0330 0004243 120.5026 239.6386 15.60016599 16265
BURSTCUBE               
1 59562U 98067WM  24213.88207081  .00178565  00000+0  13679-2 0  9992
2 59562  51.6336  86.3708 0005971 157.9330 202.1925 15.71009103 16325
SNOOPI                  
1 59563U 98067WN  24213.91065109  .00133430  00000+0  11822-2 0  9990
2 59563  51.6344  87.3221 0005575 156.3560 203.7694 15.67645299 16310
SHENZHOU-18 (SZ-18)     
1 59591U 24078A   24213.84577643  .00020487  00000+0  25668-3 0  9996
2 59591  41.4673 170.6823 0001182 316.0665  44.0079 15.59276255 15144
1998-067WP              
1 59596U 98067WP  24213.90905376  .00275308  00000+0  15440-2 0  9995
2 59596  51.6302  84.2719 0004881 166.5272 193.5859 15.77932239 16380
1998-067WQ              
1 59597U 98067WQ  24213.90102537  .00268204  00000+0  14890-2 0  9999
2 59597  51.6357  84.2457 0004984 163.3375 196.7790 15.78178345 16350
SZ-17 MODULE            
1 59624U 23164C   24213.89048350  .00052243  00000+0  43524-3 0  9997
2 59624  41.4747 168.3803 0008751 217.5000 142.5232 15.69185085 14552
PROGRESS-MS 27          
1 59913U 24103A   24213.90256772  .00036721  00000+0  66014-3 0  9995
2 59913  51.6377  93.7862 0005973 147.7965 320.0621 15.49475947  9419
STARLINER CFT-1         
1 59968U 24109A   24213.90256772  .00036721  00000+0  66014-3 0  9991
2 59968  51.6377  93.7862 0005973 147.7965 320.0621 15.49475947  8474
